14
     0     0   109    94     0   119     0     0     0     0     0     0     0   112
     0     0   108     0    98    92     0     0   112   110     0     0    82   110
   109   108     0     0     0   119   104    86     0   113    89     0     0     0
    94     0     0     0    84    93   108   104     0   100    83   120     0     0
     0    98     0    84     0    80    83     0     0   109     0     0   115     0
   119    92   119    93    80     0     0     0    93     0     0     0     0   119
     0     0   104   108    83     0     0    88     0     0   100   109   104     0
     0     0    86   104     0     0    88     0    98     0     0     0     0     0
     0   112     0     0     0    93     0    98     0   102    92     0   118   114
     0   110   113   100   109     0     0     0   102     0    85     0     0   107
     0     0    89    83     0     0   100     0    92    85     0     0   119   115
     0     0     0   120     0     0   109     0     0     0     0     0     0     0
     0    82     0     0   115     0   104     0   118     0   119     0     0     0
   112   110     0     0     0   119     0     0   114   107   115     0     0     0
