14
     0     0    81     0     0   103     0     0     0    85     0     0   114    99
     0     0   114     0     0   111   113   106    84   101     0     0     0     0
    81   114     0    80    92    92     0   100    84    90     0   109     0   107
     0     0    80     0    96    94     0     0    91   102     0     0     0    82
     0     0    92    96     0   103   116    80     0     0   105     0     0     0
   103   111    92    94   103     0     0    93     0    83     0   119    95   107
     0   113     0     0   116     0     0    83    88    87     0   117    80     0
     0   106   100     0    80    93    83     0   120     0   105     0    86     0
     0    84    84    91     0     0    88   120     0     0     0   103   107     0
    85   101    90   102     0    83    87     0     0     0   101   115    87   105
     0     0     0     0   105     0     0   105     0   101     0     0     0     0
     0     0   109     0     0   119   117     0   103   115     0     0    84   118
   114     0     0     0     0    95    80    86   107    87     0    84     0     0
    99     0   107    82     0   107     0     0     0   105     0   118     0     0
